South Laos  (870,1814)  (845,1815)  (845,1790)  (894,1839)  (820,1811)  (820,1786)  (845,1765)  (919,1854)  (894,1864)  (870,1764)  (818,1761)  (934,1879)  (843,1740)  (868,1739)  (798,1736)  (959,1880)  (934,1904)  (960,1905)
Chungking  (989,1154)  (1013,1179)  (988,1179)  (987,1129)  (1012,1129)  (1014,1154)  (1038,1179)  (1022,1104)  (1063,1168)
Phase I  (25,360)
Chengang  (1365,444)  (1362,419)  (1387,412)  (1391,387)  (1385,512)
Huaipei  (1612,783)  (1587,803)  (1636,808)  (1637,767)  (1661,792)  (1661,817)
SZ 5 Sea of Japan  (2098,763)  (2115,788)  (2090,788)  (2076,738)  (2101,738)  (2126,715)  (2120,813)  (2095,813)  (2076,713)  (2101,713)  (2126,690)  (2132,838)  (2107,838)  (2082,838)  (2076,688)  (2101,688)  (2151,681)  (2126,665)  (2176,664)  (2153,863)  (2128,863)  (2103,863)  (2078,863)  (2076,663)  (2101,663)  (2151,656)  (2201,656)  (2180,879)  (2206,886)  (2126,640)  (2176,639)  (2155,888)  (2130,888)  (2105,888)  (2080,888)  (2076,638)  (2101,638)  (2151,631)  (2201,631)  (2176,614)  (2201,606)  (2186,581)  (2211,581)
Chindwin  (369,1400)  (382,1425)  (357,1425)  (379,1375)  (404,1357)  (382,1450)  (357,1450)  (382,1332)  (407,1332)  (385,1475)  (360,1475)  (432,1312)  (390,1307)  (369,1500)  (415,1287)  (440,1287)  (420,1262)
SZ 21 Strait of Malacca  (388,2182)  (363,2206)  (363,2181)  (412,2207)  (388,2157)  (413,2157)  (413,2182)  (361,2156)  (338,2223)  (338,2198)  (437,2207)  (386,2132)  (411,2132)  (436,2132)  (438,2157)  (438,2182)  (336,2173)  (336,2148)  (361,2131)  (328,2123)  (313,2223)  (313,2198)  (462,2207)  (463,2146)  (463,2171)  (311,2173)  (311,2148)  (303,2123)  (288,2223)  (288,2198)  (487,2196)  (487,2221)  (286,2173)  (286,2148)
Fengdu  (1119,1126)  (1117,1101)  (1144,1123)  (1144,1148)  (1169,1153)  (1179,1178)
SZ 22 Indian Ocean  (1,2092)  (25,2117)  (0,2117)  (0,2067)  (25,2067)  (26,2092)  (50,2043)  (50,2117)  (50,2142)  (25,2142)  (0,2142)  (0,2042)  (25,2042)  (51,2068)  (50,2018)  (52,2167)  (27,2167)  (2,2167)  (0,2017)  (25,2017)  (50,1993)  (52,2192)  (27,2192)  (2,2192)  (0,1992)  (25,1992)  (50,1968)  (52,2217)  (27,2217)  (2,2217)  (0,1967)  (25,1967)  (50,1943)  (0,1942)  (25,1942)  (50,1918)  (0,1917)  (25,1917)
East Sikang  (647,1029)  (622,1053)  (622,1028)  (671,1054)  (647,1004)  (672,1004)  (672,1029)  (620,1003)  (646,1078)  (621,1078)  (597,1053)  (597,1028)  (696,1054)  (696,1079)  (671,1079)  (596,1079)  (645,979)  (670,979)  (695,979)  (697,1004)  (697,1029)  (595,1003)  (595,978)  (620,978)  (720,956)  (646,1103)  (621,1103)  (572,1054)  (572,1029)  (721,1054)  (721,1079)  (721,1104)  (696,1104)  (671,1104)  (596,1104)  (571,1104)  (571,1079)  (645,954)  (670,954)  (695,954)  (722,981)  (722,1006)  (570,1004)  (570,979)  (570,954)  (595,953)  (620,953)  (720,931)  (745,931)  (745,956)  (646,1128)  (621,1128)  (547,1054)  (547,1029)  (746,1031)  (746,1056)  (746,1081)  (746,1106)  (721,1129)  (696,1129)  (671,1129)  (596,1129)  (571,1129)  (546,1129)  (546,1104)  (546,1079)  (546,929)  (645,929)  (670,929)  (695,929)  (747,981)  (747,1006)  (545,1004)  (545,979)  (545,954)  (571,928)  (596,928)  (748,1131)  (720,906)  (745,906)  (646,1153)  (621,1153)  (522,1054)  (522,1029)  (771,1048)  (771,1073)  (771,1098)  (723,1154)  (698,1154)  (673,1154)  (596,1154)  (521,1115)  (521,1090)  (521,929)  (521,904)  (546,904)  (772,967)  (520,969)  (571,903)  (773,1123)  (648,1178)  (623,1178)  (709,1179)  (684,1179)  (598,1179)  (496,936)  (496,911)  (496,886)  (798,1129)  (659,1203)  (696,1204)  (671,1228)
Sian-Wuhan-Sian  (608,78)  (633,72)
Calcutta-East Assam-Calcutta  (612,183)  (637,181)
SZ 23 Pacific Ocean  (2200,1956)  (2175,1980)  (2175,1955)  (2219,1981)  (2200,1931)  (2173,1930)  (2194,2005)  (2219,2006)  (2198,1906)  (2172,1905)  (2194,2030)  (2219,2031)  (2197,1881)  (2172,1880)  (2194,2055)  (2219,2056)  (2197,1856)  (2172,1855)  (2194,2080)  (2219,2081)  (2197,1831)  (2172,1830)  (2194,2105)  (2219,2106)  (2197,1806)  (2172,1805)  (2194,2130)  (2219,2131)  (2197,1781)  (2172,1780)  (2194,2155)  (2219,2156)  (2197,1756)  (2172,1755)  (2194,2180)  (2219,2181)  (2197,1731)  (2172,1730)  (2194,2205)  (2219,2206)  (2197,1706)  (2172,1705)  (2197,1681)  (2172,1680)
Peking-Tsinan-Peking  (461,44)  (486,36)
Hanchung  (1042,836)  (1017,860)  (1066,861)  (1028,811)  (1053,811)  (1067,836)  (1041,885)  (1016,885)  (992,858)  (1080,886)  (1031,786)  (1018,761)
Bangkok-Rangoon-Rangoon  (542,181)  (517,191)
Jih-Chao  (1706,601)  (1716,626)  (1724,576)
Pathein  (297,1779)  (272,1768)  (321,1804)  (297,1754)  (260,1743)  (329,1829)  (336,1854)
Sian-Chungking-Sian  (465,146)  (490,145)
Tsinan  (1559,584)  (1583,609)  (1568,559)  (1608,599)
Chenyuan  (1140,1268)  (1115,1292)  (1115,1267)  (1164,1293)  (1142,1243)  (1165,1268)  (1167,1241)  (1133,1317)  (1090,1287)  (1090,1262)  (1150,1216)  (1192,1241)
Manipur  (284,1418)  (259,1442)  (259,1417)  (308,1443)  (286,1393)  (309,1418)  (311,1391)  (283,1467)  (258,1467)  (316,1468)  (316,1366)  (341,1367)  (291,1492)
Kweiyang  (1011,1336)  (1035,1361)  (1011,1311)  (1060,1347)
Wuhan-Changsha-Changsha  (693,114)  (668,119)
SZ 16 Gulf of Thailand  (558,2038)  (533,2062)  (533,2037)  (582,2063)  (558,2013)  (583,2013)  (583,2038)  (531,2012)  (557,2087)  (532,2087)  (607,2063)  (607,2088)  (582,2088)  (556,1988)  (608,1994)  (608,2019)  (506,2035)  (632,2044)  (632,2069)  (632,2094)  (607,2113)  (633,1995)  (633,2119)
Peking-Tsinan-Tsinan  (534,45)  (559,36)
Chittagong  (219,1594)  (194,1618)  (194,1593)  (243,1619)  (219,1569)  (244,1569)  (244,1594)  (253,1644)  (228,1644)  (209,1544)  (234,1544)  (259,1544)  (269,1573)  (153,1574)  (239,1669)  (253,1519)  (131,1599)  (128,1574)  (127,1637)  (237,1694)  (106,1612)  (103,1587)  (78,1605)
Chungking-Kunming-Kunming  (834,152)  (859,146)
Bangkok  (562,1925)  (587,1912)
Taiyuan-Wuhan-Taiyuan  (170,79)  (195,73)
Hanoi-Bangkok-Bangkok  (390,182)  (415,181)
Udon Thani  (800,1886)  (775,1910)  (775,1885)  (824,1911)  (800,1861)  (825,1861)  (825,1886)  (773,1860)  (750,1920)  (849,1911)  (850,1862)  (725,1900)  (874,1898)
Juning  (1482,876)  (1457,900)  (1457,875)  (1506,901)  (1482,851)  (1507,861)  (1531,886)  (1531,911)
SZ 19 Bay of Bengal  (83,1872)  (58,1879)  (58,1854)  (107,1897)  (83,1847)  (108,1847)  (108,1872)  (82,1904)  (39,1829)  (33,1879)  (33,1854)  (132,1897)  (132,1922)  (107,1922)  (64,1822)  (89,1822)  (114,1822)  (133,1847)  (133,1872)  (139,1816)  (82,1929)  (14,1829)  (14,1804)  (39,1804)  (8,1879)  (8,1854)  (157,1897)  (157,1922)  (157,1947)  (132,1947)  (107,1947)  (64,1797)  (89,1797)  (114,1797)  (158,1841)  (158,1866)  (139,1791)  (164,1791)  (164,1816)  (82,1954)  (0,1779)  (25,1779)  (182,1891)  (182,1916)  (182,1941)  (182,1966)  (157,1972)  (132,1972)  (107,1972)  (50,1772)  (75,1772)  (100,1772)  (183,1841)  (183,1866)  (125,1766)  (150,1766)  (175,1766)  (189,1791)  (189,1816)  (82,1979)  (200,1755)  (0,1754)  (25,1754)  (201,1991)  (207,1891)  (207,1916)  (207,1941)  (207,1966)  (176,1997)  (151,1997)  (126,1997)  (50,1747)  (75,1747)  (100,1747)  (208,1841)  (208,1866)  (125,1741)  (150,1741)  (175,1741)  (214,1780)  (214,1805)  (101,2004)  (200,1730)  (0,1729)  (217,2016)  (192,2022)  (167,2022)  (142,2022)  (139,1716)  (164,1716)  (117,2029)  (92,2029)  (189,1705)  (217,2041)  (192,2047)  (167,2047)  (142,2047)  (140,1691)  (117,2054)  (92,2054)  (165,1680)  (190,1680)  (217,2066)  (192,2072)  (167,2072)  (142,2072)  (137,1666)  (117,2079)  (92,2079)
Chiang Mai  (526,1826)  (501,1850)  (501,1825)  (550,1851)  (526,1801)  (551,1801)  (551,1826)  (499,1800)  (525,1875)  (476,1851)  (476,1826)  (575,1851)  (574,1876)  (576,1785)  (576,1810)  (474,1801)  (451,1840)  (600,1835)  (601,1789)  (449,1815)  (625,1814)
North Jehol  (1630,42)  (1605,66)  (1605,41)  (1654,67)  (1630,17)  (1655,17)  (1655,42)  (1603,16)  (1629,91)  (1604,91)  (1580,66)  (1580,41)  (1679,67)  (1679,92)  (1654,92)  (1579,92)  (1680,0)  (1680,25)  (1578,16)  (1629,116)  (1604,116)  (1555,67)  (1555,42)  (1704,50)  (1704,75)  (1704,100)  (1679,117)  (1654,117)  (1579,117)  (1554,117)  (1554,92)  (1705,0)  (1705,25)  (1729,50)  (1583,142)  (1558,142)  (1730,0)  (1730,25)  (1755,34)
Nanking-Shanghai-Nanking  (173,114)  (148,118)
Hwangshi  (1550,1072)  (1525,1080)  (1525,1055)  (1575,1066)
Kweilin  (1273,1417)  (1248,1441)  (1248,1416)  (1297,1442)  (1273,1392)  (1298,1392)  (1298,1417)  (1246,1391)  (1272,1466)  (1247,1466)  (1223,1441)  (1223,1416)  (1322,1444)  (1297,1467)  (1287,1367)  (1312,1367)  (1272,1491)  (1247,1491)  (1198,1444)  (1198,1419)  (1347,1442)  (1352,1467)  (1377,1454)
Chien-ning  (1463,1255)  (1486,1280)  (1461,1280)
Yenan  (1157,536)  (1132,560)  (1163,561)  (1163,511)  (1182,536)  (1188,505)  (1138,585)  (1113,585)  (1207,530)  (1207,555)  (1176,480)  (1201,480)  (1088,585)  (1084,560)  (1156,610)  (1186,455)  (1211,455)  (1063,588)  (1156,635)  (1165,660)  (1140,660)  (1168,685)
Hsingi  (964,1396)  (939,1412)  (939,1387)  (988,1421)  (964,1371)  (989,1375)  (1014,1389)
Ankang  (1145,877)  (1120,901)  (1120,876)  (1169,902)  (1145,852)  (1170,874)  (1118,851)  (1177,927)
Taiyuan  (1293,504)  (1317,529)  (1300,479)  (1342,519)
Liaocheng  (1512,586)  (1529,611)  (1530,553)
Changsha-Canton-Changsha  (759,112)  (784,108)
SZ 15 Philippine Sea  (2142,2017)  (2117,2041)  (2117,2016)  (2145,2042)  (2142,1992)  (2115,1991)  (2120,2066)  (2095,2066)  (2092,2041)  (2092,2016)  (2145,2067)  (2140,1967)  (2090,1991)  (2090,1966)  (2115,1966)  (2070,2088)  (2120,2091)  (2095,2091)  (2067,2063)  (2067,2038)  (2145,2092)  (2140,1942)  (2065,2013)  (2065,1988)  (2065,1963)  (2090,1941)  (2115,1941)  (2062,1938)  (2070,2113)  (2045,2113)  (2045,2088)  (2120,2116)  (2095,2116)  (2042,2063)  (2042,2038)  (2145,2117)  (2140,1917)  (2040,2013)  (2040,1988)  (2040,1963)  (2087,1916)  (2112,1916)  (2037,1938)  (2037,1913)  (2062,1913)  (2070,2138)  (2045,2138)  (2120,2141)  (2095,2141)  (2145,2142)  (2137,1892)  (2087,1891)  (2112,1891)  (2023,1888)  (2048,1888)  (2070,2163)  (2045,2163)  (2120,2166)  (2095,2166)  (2145,2167)  (2137,1867)  (2073,1866)  (2098,1866)  (2023,1863)  (2048,1863)  (2070,2188)  (2045,2188)  (2120,2191)  (2095,2191)  (2145,2192)  (2123,1842)  (2073,1841)  (2098,1841)  (2023,1838)  (2048,1838)  (2070,2213)  (2045,2213)  (2120,2216)  (2095,2216)  (2145,2217)  (2123,1817)  (2073,1816)  (2098,1816)  (2027,1813)
Kentung  (533,1691)  (508,1715)  (557,1716)  (520,1666)  (545,1657)  (532,1740)  (582,1710)  (582,1735)  (557,1741)  (517,1641)  (542,1632)  (532,1765)  (607,1738)  (528,1607)  (553,1607)  (548,1582)
Taungoo  (436,1713)  (411,1737)  (411,1712)  (460,1738)  (436,1688)  (461,1688)  (461,1713)  (435,1762)  (410,1762)  (485,1754)  (460,1763)  (438,1663)  (463,1663)  (488,1661)  (418,1787)  (393,1787)  (483,1636)
Formosa  (2010,1375)  (1985,1399)  (2034,1400)  (2001,1350)  (2026,1350)  (2035,1375)  (2051,1334)  (2009,1424)  (1984,1424)  (2042,1425)  (2016,1325)  (2041,1309)  (2066,1309)  (2017,1449)  (1992,1449)  (2048,1284)  (2073,1284)  (2009,1474)  (1984,1474)
Puchow  (1260,684)  (1284,709)  (1259,709)  (1242,659)  (1267,659)  (1285,684)  (1247,734)  (1240,634)  (1265,634)
Kuyuan  (958,631)  (933,634)  (933,609)  (982,656)  (958,606)  (983,606)  (983,631)  (957,659)  (908,615)  (984,681)  (972,581)  (997,580)  (1022,567)  (993,555)
Korea  (2139,278)  (2114,302)  (2114,277)  (2163,303)  (2139,253)  (2164,253)  (2164,278)  (2112,252)  (2138,327)  (2113,327)  (2089,302)  (2089,277)  (2188,303)  (2188,328)  (2163,328)  (2088,328)  (2137,228)  (2162,228)  (2187,228)  (2189,253)  (2189,278)  (2087,252)  (2087,227)  (2112,227)  (2212,205)  (2138,352)  (2113,352)  (2064,303)  (2064,278)  (2213,303)  (2213,328)  (2213,353)  (2188,353)  (2163,353)  (2088,353)  (2063,353)  (2063,328)  (2137,203)  (2162,203)  (2187,203)  (2214,230)  (2214,255)  (2062,253)  (2062,228)  (2062,203)  (2087,202)  (2112,202)  (2212,180)  (2114,377)  (2039,303)  (2039,278)  (2219,378)  (2194,378)  (2169,378)  (2089,378)  (2042,378)  (2038,353)  (2038,328)  (2038,178)  (2137,178)  (2162,178)  (2187,178)  (2037,253)  (2037,228)  (2037,203)  (2063,177)  (2088,177)  (2017,383)  (2212,155)  (2014,303)  (2014,278)  (2219,403)  (2194,403)  (2169,403)  (2013,358)  (2013,333)  (2013,178)  (2113,153)  (2138,153)  (2163,153)  (2012,253)  (2012,228)  (2012,203)  (2012,153)  (2075,152)  (2188,130)  (2213,130)  (2219,428)  (2194,428)  (2169,428)  (2100,128)  (2125,128)  (2150,128)  (1987,275)  (1987,250)  (1987,225)  (2144,440)  (2175,105)  (2200,105)  (2219,453)  (2194,453)  (2169,453)  (2095,103)  (2120,103)  (2145,103)  (1962,276)  (1962,251)  (2119,460)  (2144,465)  (2170,80)  (2195,80)  (2219,478)  (2194,478)  (2169,478)  (2112,78)  (2137,78)  (1937,270)  (2119,485)  (2144,490)  (2162,55)  (2187,55)  (2212,55)  (2219,503)  (2194,503)  (2169,503)  (2136,53)  (2144,515)  (2161,30)  (2186,30)  (2211,30)  (2210,528)  (2185,528)  (2136,28)  (2160,540)  (2135,540)  (2197,5)  (2157,565)  (2132,565)
Huangshan  (1713,981)  (1688,1005)  (1737,1006)  (1713,956)  (1738,956)  (1738,981)  (1712,1030)  (1737,1031)  (1763,943)  (1763,968)
Kungchangfu  (907,729)  (882,737)  (882,712)  (931,754)  (907,704)  (932,709)  (906,762)  (956,778)  (886,679)  (911,679)  (980,803)
Sian-Wuhan-Wuhan  (688,77)  (663,82)
Port Arthur-Mukden-Port Arthur  (167,46)  (192,36)
Kohima  (238,1311)  (213,1335)  (213,1310)  (262,1336)  (238,1286)  (263,1286)  (263,1311)  (211,1285)  (237,1360)  (188,1318)  (287,1336)  (266,1361)  (255,1261)  (186,1293)
Lanchow-Sian-Sian  (237,146)  (262,145)
Weihsien  (1695,540)  (1720,533)  (1745,517)
Lungkow  (1649,545)  (1654,570)  (1659,520)  (1664,595)
Korea-Mukden-Mukden  (93,40)  (118,36)
Kunming-Kweiyang-Kunming  (905,146)  (930,145)
Korea Station  (2131,407)
Nanning  (1182,1560)  (1206,1585)  (1190,1535)  (1231,1577)
Chittagong Station  (157,1622)
Sian Station  (1141,733)
Tientsin  (1555,387)  (1530,409)  (1569,362)
Lashio  (491,1551)  (466,1554)  (507,1576)  (465,1529)  (500,1526)  (516,1551)  (482,1579)  (525,1521)
Shanghai Station  (1915,896)
Ordos Plateau  (1102,426)  (1077,450)  (1077,425)  (1126,451)  (1102,401)  (1127,401)  (1127,426)  (1075,400)  (1101,475)  (1076,475)  (1052,450)  (1052,425)  (1137,476)  (1051,476)  (1100,376)  (1125,376)  (1150,376)  (1152,401)  (1152,426)  (1050,400)  (1053,375)  (1175,374)  (1112,500)  (1087,500)  (1027,436)  (1062,501)  (1037,501)  (1177,399)  (1177,424)  (1025,411)  (1098,525)  (1062,526)  (1202,380)  (1202,405)  (1227,386)
Anking  (1653,943)  (1628,965)  (1658,968)  (1660,918)  (1685,909)  (1633,990)  (1608,990)
Changteh  (1334,1130)  (1309,1154)  (1309,1129)  (1358,1155)  (1334,1105)  (1359,1105)  (1359,1130)  (1307,1104)  (1384,1115)  (1282,1127)
Kaifeng  (1487,739)  (1462,734)  (1511,764)  (1486,764)  (1512,736)  (1512,789)  (1487,789)  (1537,741)  (1505,814)
Nanchang  (1591,1128)  (1615,1153)  (1597,1103)  (1640,1147)
SZ 20 Indian Ocean  (170,2165)  (145,2189)  (145,2164)  (194,2190)  (170,2140)  (195,2140)  (195,2165)  (143,2139)  (169,2214)  (144,2214)  (120,2189)  (120,2164)  (219,2190)  (219,2215)  (194,2215)  (119,2215)  (168,2115)  (193,2115)  (218,2115)  (220,2140)  (220,2165)  (118,2139)  (118,2114)  (143,2114)  (243,2108)  (95,2190)  (95,2165)  (244,2190)  (244,2215)  (94,2223)  (245,2133)  (245,2158)  (93,2140)  (93,2115)
Soochow  (1831,908)
Port Arthur  (1778,372)  (1801,397)  (1787,347)
Pinghsiang  (1521,1152)  (1544,1177)  (1546,1128)  (1516,1127)  (1519,1188)  (1508,1213)
Calcutta Station  (16,1660)
Lanchow  (797,684)  (821,709)  (802,659)
Kirin  (1926,39)  (1901,63)  (1901,38)  (1950,64)  (1926,14)  (1951,14)  (1951,39)  (1899,13)  (1925,88)  (1900,88)  (1876,63)  (1876,38)  (1975,64)  (1975,89)  (1950,89)  (1875,89)  (1976,0)  (1976,25)  (1874,13)  (1925,113)  (1900,113)  (1851,64)  (1851,39)  (2000,50)  (2000,75)  (2000,100)  (1975,114)  (1950,114)  (1850,105)  (2001,0)  (2001,25)  (1849,14)  (1925,138)  (1826,80)  (1826,55)  (2025,50)  (2025,75)  (2025,100)  (1980,139)  (1955,139)  (2026,0)  (2026,25)  (1824,30)  (1824,5)  (2036,125)  (1930,163)  (1801,85)  (1801,60)  (2050,50)  (2050,75)  (1975,164)  (2051,0)  (2051,25)  (1799,35)  (1799,10)  (1950,188)  (1925,188)  (2075,50)  (2075,75)  (2076,0)  (2076,25)  (1934,213)  (2101,0)  (2101,25)
Shanghai  (1871,910)  (1895,935)  (1880,885)  (1920,930)
Tsinan Station  (1600,566)
Chungking-Kweiyang-Chungking  (610,148)  (635,145)
Wu Tang Mountains  (1249,921)  (1224,941)  (1224,916)  (1273,946)  (1249,896)  (1274,896)  (1274,921)  (1298,946)  (1298,971)  (1273,971)  (1241,871)  (1323,976)  (1286,996)
SZ 2 Bohai Sea  (1722,394)  (1697,418)  (1697,393)  (1746,419)  (1722,369)  (1695,368)  (1721,443)  (1696,443)  (1771,433)  (1746,444)  (1720,344)  (1745,342)  (1721,468)  (1696,468)  (1728,317)  (1753,317)  (1778,296)  (1717,493)  (1692,493)  (1739,292)  (1764,271)
Huainan  (1750,720)  (1774,745)  (1775,713)
Peking-Sian-Sian  (839,41)  (814,47)
Chahar  (1395,140)  (1370,164)  (1370,139)  (1419,165)  (1395,115)  (1420,115)  (1420,140)  (1368,114)  (1394,189)  (1369,189)  (1345,164)  (1345,139)  (1444,165)  (1444,190)  (1419,190)  (1344,190)  (1393,90)  (1418,90)  (1443,90)  (1445,115)  (1445,140)  (1343,114)  (1343,89)  (1368,89)  (1468,67)  (1394,214)  (1369,214)  (1320,165)  (1320,140)  (1469,165)  (1469,190)  (1469,215)  (1444,215)  (1419,215)  (1393,65)  (1418,65)  (1443,65)  (1470,92)  (1470,117)  (1318,115)  (1318,90)  (1349,64)  (1468,42)  (1493,42)  (1493,67)  (1394,239)  (1369,239)  (1295,179)  (1295,154)  (1494,142)  (1494,167)  (1494,192)  (1494,217)  (1469,240)  (1444,240)  (1419,240)  (1374,40)  (1399,40)  (1424,40)  (1495,92)  (1495,117)  (1293,129)  (1293,104)  (1293,79)  (1496,242)  (1449,17)  (1474,17)  (1499,17)  (1518,42)  (1518,67)  (1394,264)  (1369,264)  (1270,172)  (1519,159)  (1519,184)  (1519,209)  (1471,265)  (1446,265)  (1421,265)  (1378,15)  (1403,15)  (1520,92)  (1268,147)  (1268,111)  (1268,86)  (1517,267)  (1524,11)  (1259,61)  (1457,290)  (1432,290)  (1407,290)  (1418,315)
Weihaiwei  (1799,475)
Momein  (581,1450)  (556,1474)  (556,1449)  (605,1475)  (581,1425)  (606,1425)  (606,1450)  (554,1424)  (580,1499)  (531,1491)  (531,1466)  (630,1475)  (630,1500)  (605,1500)  (579,1400)  (604,1400)  (629,1400)  (631,1425)  (631,1450)  (529,1441)  (529,1416)  (554,1399)  (580,1524)  (506,1485)  (619,1525)  (504,1460)  (504,1435)  (589,1549)
Cochinchina  (909,2028)  (884,2034)  (934,2008)  (859,2052)  (959,2006)
Rangoon Station  (379,1845)
Hanoi-Nanning-Hanoi  (168,181)  (193,181)
Canton Station  (1515,1507)
Mukden  (1796,179)  (1820,204)  (1795,204)  (1798,154)  (1821,179)  (1823,152)  (1845,204)  (1842,229)  (1870,190)
Fancheng  (1387,943)  (1362,967)  (1362,942)  (1411,968)  (1387,918)  (1412,918)  (1412,943)  (1360,917)  (1386,992)  (1361,992)  (1436,968)  (1437,934)  (1335,932)  (1336,1013)  (1367,1017)
Tungting  (1462,1141)  (1486,1166)
SZ 3 North Yellow Sea  (1918,413)  (1893,437)  (1893,412)  (1942,438)  (1918,388)  (1943,388)  (1943,413)  (1891,387)  (1917,462)  (1892,462)  (1868,437)  (1868,412)  (1967,438)  (1967,463)  (1942,463)  (1916,363)  (1941,363)  (1968,407)  (1866,387)  (1866,362)  (1891,362)  (1843,452)  (1992,432)  (1992,457)  (1916,338)  (1941,338)  (1857,337)  (1882,337)  (1966,316)  (1818,455)  (2017,424)  (2017,449)  (2017,474)  (1907,313)  (1932,313)  (2042,411)  (2042,436)  (2042,461)  (2067,417)  (2067,479)
Sian-Chungking-Chungking  (533,147)  (558,145)
Golog  (594,815)  (569,839)  (569,814)  (618,840)  (594,790)  (619,790)  (619,815)  (567,789)  (544,857)  (544,832)  (643,840)  (643,865)  (618,865)  (644,771)  (644,796)  (542,807)  (542,782)  (519,855)  (668,821)  (668,846)  (668,871)  (669,761)  (669,786)  (517,830)  (517,805)  (517,780)  (680,735)  (693,826)  (693,851)  (694,760)  (694,785)  (492,844)  (492,819)  (492,794)  (492,769)  (686,710)  (705,735)  (711,699)  (718,855)  (719,760)  (467,830)  (467,805)  (467,780)  (467,755)  (730,724)  (731,785)  (736,699)  (744,749)  (442,797)
Sian  (1085,755)  (1109,780)  (1084,780)  (1080,730)  (1105,730)  (1110,755)  (1134,780)  (1118,705)  (1159,766)
Mukden-Peking-Peking  (395,43)  (370,47)
Taiyuan-Sian-Sian  (87,76)  (112,72)
Nanchang-Changsha-Changsha  (541,112)  (516,118)
Lanchow-Sian-Lanchow  (177,150)  (152,155)
Calcutta-East Assam-East Assam  (692,183)  (667,192)
Nanking  (1714,851)  (1738,876)  (1710,826)  (1735,826)  (1739,851)  (1763,876)  (1738,801)  (1788,858)
Canton-Kweiyang-Canton  (28,150)  (3,155)
Calcutta  (1,1536)  (25,1561)  (0,1561)  (0,1511)  (25,1511)  (26,1536)  (50,1487)  (50,1561)  (48,1586)  (23,1586)  (0,1486)  (25,1486)  (51,1512)  (50,1462)  (75,1537)  (48,1611)  (23,1611)  (1,1461)  (76,1489)  (56,1636)  (81,1645)  (56,1661)  (103,1670)  (78,1686)  (53,1686)  (110,1695)
Peking-Wuhan-Peking  (901,38)  (926,36)
Mengtsi  (868,1526)  (843,1550)  (843,1525)  (892,1551)  (868,1501)  (893,1501)  (893,1526)  (841,1500)  (867,1575)  (842,1575)  (917,1551)  (917,1576)  (892,1576)  (866,1476)  (891,1476)  (918,1508)  (824,1600)  (942,1533)  (942,1558)  (866,1451)  (891,1451)  (967,1528)  (967,1553)  (873,1426)  (992,1529)
Sining  (725,614)  (749,639)  (724,639)  (700,589)  (725,589)  (750,589)  (750,614)  (699,647)  (761,664)  (736,664)  (685,564)  (710,564)  (660,554)  (651,529)
Chin  (305,1585)  (329,1610)  (304,1610)  (298,1560)  (323,1560)  (330,1585)  (314,1635)  (289,1635)  (331,1535)  (355,1578)  (303,1660)
Woochow  (1316,1541)  (1291,1565)  (1291,1540)  (1340,1566)  (1316,1516)  (1341,1516)  (1341,1541)  (1315,1590)  (1290,1590)  (1295,1615)
SZ 13 South China Sea  (1465,1707)  (1440,1731)  (1440,1706)  (1489,1732)  (1465,1682)  (1490,1682)  (1490,1707)  (1438,1681)  (1464,1756)  (1439,1756)  (1415,1731)  (1415,1706)  (1514,1732)  (1514,1757)  (1489,1757)  (1414,1757)  (1463,1657)  (1488,1657)  (1513,1657)  (1515,1682)  (1515,1707)  (1413,1681)  (1438,1656)  (1538,1655)  (1464,1781)  (1439,1781)  (1390,1732)  (1390,1707)  (1539,1732)  (1539,1757)  (1539,1782)  (1514,1782)  (1489,1782)  (1414,1782)  (1389,1782)  (1389,1757)  (1488,1632)  (1540,1680)  (1540,1705)  (1388,1682)  (1365,1732)  (1365,1707)  (1564,1730)  (1564,1755)  (1564,1780)  (1364,1786)  (1364,1761)  (1565,1656)  (1565,1681)  (1363,1682)  (1340,1733)  (1340,1708)  (1339,1786)  (1338,1683)
Tsingtao Station  (1817,528)
Tsinan-Nanking-Nanking  (99,111)  (74,118)
Hanoi  (975,1703)  (950,1702)  (999,1728)  (1000,1696)  (1004,1753)
SZ 7 East China Sea  (1997,1034)  (1972,1058)  (1972,1033)  (2021,1059)  (1997,1009)  (2022,1009)  (2022,1034)  (1970,1008)  (1996,1083)  (1971,1083)  (2046,1059)  (2046,1084)  (2021,1084)  (1995,984)  (2020,984)  (2045,984)  (2047,1009)  (2047,1034)  (1970,983)  (1996,1108)  (1971,1108)  (2049,1109)  (2024,1109)  (1995,959)  (2020,959)  (2045,959)  (1947,958)  (1946,1115)  (1999,1133)  (1974,1133)  (2049,1134)  (2024,1134)  (1921,1134)  (1972,934)  (1997,934)  (2022,934)  (2047,934)  (1949,1140)
Luoyang  (1387,764)  (1362,788)  (1362,763)  (1411,789)  (1387,739)  (1412,739)  (1412,764)  (1353,738)  (1436,789)  (1436,814)  (1437,761)
Changsha-Kweiyang-Kweiyang  (985,114)  (960,119)
Nanchang-Changsha-Nanchang  (466,112)  (491,110)
So-ping  (1304,410)  (1279,434)  (1328,435)  (1312,385)  (1329,410)  (1337,377)  (1362,359)
Myitkyina  (473,1349)  (448,1373)  (497,1374)  (465,1324)  (490,1324)  (498,1349)  (515,1307)  (472,1398)  (447,1398)  (522,1374)  (468,1299)  (523,1332)  (422,1409)  (493,1282)  (518,1282)  (471,1423)  (468,1274)  (446,1434)  (421,1434)  (493,1257)  (455,1459)  (430,1459)  (468,1235)  (493,1232)  (455,1484)  (430,1484)  (518,1214)  (463,1210)  (488,1207)  (513,1189)  (492,1164)  (517,1164)
Hwanggang  (1538,984)  (1513,992)  (1513,967)  (1562,1009)  (1563,972)  (1488,989)  (1488,964)  (1586,1034)
Yang-chow  (1724,764)  (1699,783)
Peking Station  (1525,323)
Luchow  (1018,1235)  (993,1249)  (1042,1260)  (1043,1230)  (986,1224)  (1068,1223)  (961,1227)  (960,1202)  (1093,1200)  (935,1223)  (1118,1177)  (1118,1202)  (910,1209)
Kunming Station  (816,1388)
Cambodia  (815,1968)  (790,1992)  (790,1967)  (839,1993)  (840,1947)  (814,2017)  (765,2013)  (765,1988)  (765,1963)  (864,1972)  (864,1997)  (740,1998)  (740,1973)  (889,1948)  (889,1973)  (889,1998)  (715,1998)  (715,1973)  (914,1948)  (914,1973)  (939,1953)  (939,1978)  (964,1953)  (964,1978)
Chin-kiang  (1840,814)
Poyang  (1686,1098)  (1661,1076)  (1710,1123)  (1685,1123)  (1686,1073)  (1711,1073)  (1711,1098)  (1735,1123)  (1728,1148)  (1703,1148)  (1678,1149)  (1685,1174)  (1660,1179)  (1678,1204)  (1653,1204)  (1660,1229)  (1635,1240)
Bangkok Station  (612,1950)
Peking-Taiyuan-Peking  (603,47)  (628,36)
SZ 18 Andaman Sea  (320,1963)  (295,1987)  (295,1962)  (344,1988)  (320,1938)  (345,1938)  (345,1963)  (293,1937)  (319,2012)  (294,2012)  (270,1987)  (270,1962)  (369,1988)  (369,2013)  (344,2013)  (269,2013)  (318,1913)  (343,1913)  (368,1913)  (370,1938)  (370,1963)  (268,1937)  (268,1912)  (293,1912)  (393,1890)  (319,2037)  (294,2037)  (245,1988)  (245,1963)  (394,1988)  (394,2013)  (394,2038)  (369,2038)  (344,2038)  (269,2038)  (244,2038)  (244,2013)  (395,1915)  (395,1940)  (244,1887)  (269,1887)  (319,2062)  (294,2062)  (419,1969)  (390,2063)  (365,2063)  (269,2063)  (244,2063)  (244,1862)  (269,1862)  (244,1837)  (269,1837)  (244,1812)
Changsha  (1391,1194)  (1415,1219)  (1392,1169)
Canton-Kweiyang-Kweiyang  (100,150)  (75,155)
Nanning Station  (1224,1544)
Kunming-Kweiyang-Kweiyang  (978,147)  (1003,145)
Chungking-Kunming-Chungking  (758,149)  (783,145)
Sog-rigs  (312,534)  (287,558)  (287,533)  (336,559)  (312,509)  (337,509)  (337,534)  (285,508)  (311,583)  (286,583)  (262,558)  (262,533)  (361,559)  (361,584)  (336,584)  (261,584)  (310,484)  (335,484)  (360,484)  (362,509)  (362,534)  (260,508)  (260,483)  (285,483)  (385,462)  (311,608)  (286,608)  (237,559)  (237,534)  (386,559)  (377,609)  (352,609)  (261,609)  (236,609)  (236,584)  (354,459)  (387,487)  (387,512)  (235,509)  (235,484)  (327,633)  (302,633)  (212,559)  (212,534)  (411,537)  (411,562)  (382,634)  (357,634)  (277,634)  (252,634)  (227,634)  (211,609)  (211,584)  (412,474)  (412,499)  (210,509)  (210,484)  (202,643)  (332,658)  (307,658)  (436,524)  (436,549)  (370,659)  (282,659)  (257,659)  (232,659)  (186,618)  (186,593)  (437,487)  (185,524)  (185,499)  (185,474)  (207,668)  (333,683)  (308,683)  (461,512)  (461,537)  (461,562)  (484,487)  (486,512)  (486,537)  (486,562)  (509,475)  (511,500)  (511,525)  (511,550)  (534,475)  (536,500)  (536,525)  (536,550)  (559,465)  (561,490)  (561,515)  (586,486)  (586,511)  (611,491)  (611,516)
Fen-chow  (1259,552)  (1283,577)  (1258,577)  (1245,527)  (1308,571)  (1308,596)  (1248,502)  (1252,477)
Hong Kong  (1551,1591)  (1526,1600)  (1575,1616)  (1542,1566)  (1567,1566)  (1576,1591)
Peking-Taiyuan-Taiyuan  (677,41)  (702,36)
Mandalay  (407,1583)  (429,1608)  (404,1608)  (383,1558)  (408,1558)  (432,1583)  (433,1557)  (379,1625)  (413,1633)  (389,1533)  (414,1532)  (409,1658)
Hanoi Station  (1038,1717)
Tsingyang  (1036,674)  (1058,699)  (1033,699)  (1026,649)  (1051,649)  (1061,674)  (1008,714)  (1076,634)  (1045,724)  (1023,624)  (1086,659)  (983,726)  (1101,626)  (986,751)
SZ 6 East China Sea  (1979,826)  (1954,850)  (1954,825)  (2003,851)  (1979,801)  (2004,801)  (2004,826)  (1952,800)  (1978,875)  (1929,843)  (2028,851)  (2028,876)  (2003,876)  (1977,776)  (2002,776)  (2027,776)  (2029,801)  (2029,826)  (1927,818)  (1927,793)  (1952,775)  (1920,768)  (1902,820)  (1902,795)  (1895,770)  (1877,800)  (1870,775)
Swatow  (1636,1470)  (1611,1494)  (1611,1469)  (1660,1495)  (1636,1445)  (1661,1445)  (1661,1470)  (1631,1519)  (1606,1519)  (1661,1420)  (1686,1420)  (1686,1445)  (1686,1470)  (1581,1524)
West Assam  (36,1290)  (11,1314)  (11,1289)  (60,1315)  (36,1265)  (61,1265)  (61,1290)  (9,1264)  (35,1339)  (10,1339)  (85,1315)  (85,1340)  (60,1340)  (62,1240)  (86,1265)  (86,1290)  (0,1239)  (87,1239)  (35,1364)  (10,1364)  (110,1315)  (110,1340)  (110,1365)  (85,1365)  (60,1365)  (111,1264)  (111,1289)  (94,1214)  (112,1239)  (119,1207)  (35,1389)  (10,1389)  (135,1314)  (135,1339)  (135,1364)  (109,1390)  (84,1390)  (136,1264)  (136,1289)  (137,1232)  (144,1196)  (59,1414)  (34,1414)  (9,1414)  (160,1340)  (160,1365)  (106,1415)  (162,1221)  (162,1246)  (169,1196)  (187,1221)  (187,1246)  (194,1193)  (212,1226)
Malaya-Singapore  (577,2180)  (552,2204)  (552,2179)  (601,2205)  (585,2155)  (602,2180)  (527,2187)  (626,2205)  (627,2163)  (521,2162)  (651,2188)  (651,2213)
Wuhan Station  (1456,1036)
Tsinan-Nanking-Tsinan  (22,111)  (47,108)
Ichow  (1636,661)  (1660,686)  (1635,686)  (1628,636)  (1661,639)
Annam  (1036,1933)  (1011,1943)  (1011,1918)  (1060,1958)  (1036,1908)  (1061,1908)  (1061,1933)  (1035,1968)  (1085,1958)  (1085,1983)  (1060,1983)  (1014,1883)  (1086,1898)  (1086,1923)  (1035,1993)  (1010,1993)  (1110,1948)  (1110,1973)  (973,1847)  (947,1831)
Chih-Chiang  (1255,1231)  (1230,1255)  (1230,1230)  (1279,1256)  (1255,1206)  (1280,1206)  (1280,1231)  (1228,1205)  (1254,1280)  (1304,1256)  (1304,1281)  (1279,1281)  (1253,1181)  (1278,1181)  (1305,1203)  (1305,1228)  (1211,1180)  (1254,1305)  (1329,1253)  (1296,1306)  (1236,1156)  (1261,1156)  (1330,1207)  (1211,1155)  (1246,1330)  (1217,1130)
Hangchow  (1818,986)  (1793,1010)  (1836,1011)  (1809,961)  (1834,961)  (1830,1036)
Phitsanulok  (675,1870)  (650,1874)  (700,1850)  (625,1872)  (725,1852)
Techow  (1595,509)  (1614,484)  (1639,481)
Tuyun  (1114,1364)  (1089,1388)  (1138,1389)  (1139,1355)  (1064,1404)  (1163,1380)  (1164,1339)  (1188,1364)  (1189,1323)
SZ 9 Taiwan Strait  (1915,1304)  (1890,1328)  (1890,1303)  (1939,1329)  (1915,1279)  (1940,1279)  (1940,1304)  (1888,1278)  (1914,1353)  (1889,1353)  (1865,1328)  (1964,1329)  (1956,1354)  (1864,1354)  (1913,1254)  (1938,1254)  (1963,1254)  (1965,1279)  (1965,1304)  (1874,1253)  (1988,1231)  (1931,1378)  (1906,1378)  (1881,1379)  (1856,1379)  (1899,1229)  (1924,1229)  (1949,1229)  (1990,1256)  (1990,1281)  (1831,1392)  (1974,1206)  (1999,1206)  (2013,1231)  (1940,1403)  (1915,1403)  (1890,1404)  (1865,1404)  (1903,1204)  (1928,1204)  (2015,1256)  (1806,1412)  (2024,1195)  (1840,1417)  (2038,1220)  (1935,1428)  (1910,1429)  (1885,1429)  (2040,1245)  (1815,1437)  (2049,1188)  (1790,1441)  (1860,1442)
Wuhan-Changsha-Wuhan  (619,111)  (594,119)
Hanoi-Bangkok-Hanoi  (317,182)  (342,181)
Yen-ping  (1718,1229)  (1693,1253)  (1742,1254)  (1709,1204)  (1734,1204)  (1759,1185)  (1717,1278)  (1692,1278)  (1746,1279)  (1784,1169)
Changsha-Canton-Canton  (830,112)  (855,108)
Kunming-Hanoi-Hanoi  (98,183)  (123,182)
Weinan  (1195,733)  (1204,758)  (1197,708)  (1213,783)  (1199,683)  (1188,797)  (1233,808)  (1198,658)  (1208,822)  (1183,822)  (1247,833)  (1190,633)  (1183,608)
West Sikang  (347,1030)  (322,1054)  (322,1029)  (371,1055)  (347,1005)  (372,1005)  (372,1030)  (320,1004)  (346,1079)  (321,1079)  (297,1054)  (297,1029)  (396,1055)  (396,1080)  (371,1080)  (296,1080)  (345,980)  (370,980)  (395,980)  (397,1005)  (397,1030)  (295,1004)  (295,979)  (320,979)  (420,970)  (346,1104)  (321,1104)  (272,1055)  (272,1030)  (421,1055)  (421,1080)  (421,1105)  (372,1105)  (296,1105)  (271,1105)  (271,1080)  (345,955)  (422,995)  (422,1020)  (270,1005)  (270,980)  (270,955)  (295,954)  (320,954)  (445,962)  (247,1055)  (247,1030)  (446,1045)  (446,1070)  (446,1095)  (446,1120)  (300,1130)  (275,1130)  (250,1130)  (246,1105)  (246,1080)  (246,930)  (447,987)  (447,1012)  (245,1005)  (245,980)  (245,955)  (271,929)  (296,929)  (321,929)  (225,1150)  (470,961)  (222,1055)  (222,1030)  (471,1037)  (471,1062)  (471,1087)  (471,1112)  (221,1125)  (221,1100)  (234,905)  (472,986)  (472,1011)  (220,1005)
Wuhan-Tsinan-Tsinan  (836,75)  (811,82)
Suifu  (879,1130)  (854,1154)  (854,1129)  (903,1155)  (879,1105)  (904,1113)  (852,1104)  (856,1179)  (831,1179)  (829,1154)  (829,1129)  (928,1138)  (928,1163)  (827,1104)  (827,1079)  (852,1079)  (856,1054)
Kunming  (763,1412)  (787,1437)  (762,1437)  (756,1387)  (781,1387)  (788,1412)  (812,1437)  (837,1420)
Tsangchow  (1521,460)  (1496,484)  (1496,459)  (1545,485)  (1546,440)  (1520,509)  (1570,465)
Nanking-Shanghai-Shanghai  (246,113)  (221,118)
Tsingtai  (1438,567)  (1462,592)  (1437,592)  (1428,542)  (1453,542)  (1463,567)  (1478,537)  (1482,617)  (1430,617)
Peking-Sian-Peking  (760,42)  (785,37)
Tsinan-Tsingtao-Tsingtao  (979,77)  (1004,72)
Tsingtao  (1782,554)  (1778,529)  (1807,561)  (1832,561)
Anyang  (1434,665)  (1458,690)  (1433,690)  (1459,652)  (1408,692)  (1484,651)
Tali  (653,1320)  (628,1344)  (628,1319)  (677,1345)  (653,1295)  (678,1295)  (678,1320)  (626,1294)  (652,1369)  (603,1360)  (603,1335)  (702,1345)  (702,1370)  (677,1370)  (651,1270)  (601,1310)  (601,1285)  (626,1269)  (592,1260)  (578,1347)  (727,1357)  (718,1395)  (693,1395)  (576,1322)  (576,1297)  (617,1244)  (567,1272)  (567,1247)  (592,1235)  (566,1222)  (702,1420)
Shanghai-Nanchang-Shanghai  (319,111)  (344,110)
SZ 8 East China Sea  (2159,1133)  (2134,1157)  (2134,1132)  (2183,1158)  (2159,1108)  (2184,1108)  (2184,1133)  (2132,1107)  (2158,1182)  (2133,1182)  (2109,1157)  (2109,1132)  (2208,1158)  (2208,1183)  (2183,1183)  (2108,1183)  (2157,1083)  (2182,1083)  (2207,1083)  (2209,1108)  (2209,1133)  (2107,1107)  (2107,1082)  (2132,1082)  (2158,1207)  (2133,1207)  (2084,1158)  (2084,1133)  (2219,1208)  (2194,1208)  (2108,1208)  (2083,1208)  (2083,1183)  (2157,1058)  (2182,1058)  (2207,1058)  (2082,1108)  (2082,1083)  (2082,1058)  (2107,1057)  (2132,1057)  (2169,1232)  (2144,1232)  (2219,1233)  (2194,1233)  (2119,1233)  (2094,1233)  (2076,1033)  (2157,1033)  (2182,1033)  (2207,1033)  (2101,1032)  (2126,1032)  (2169,1257)  (2144,1257)  (2219,1258)  (2194,1258)  (2119,1258)  (2076,1008)  (2151,1008)  (2176,1008)  (2201,1008)  (2101,1007)  (2126,1007)  (2169,1282)  (2144,1282)  (2219,1283)  (2194,1283)  (2119,1283)  (2076,983)  (2151,983)  (2176,983)  (2201,983)  (2101,982)  (2126,982)  (2169,1307)  (2144,1307)  (2219,1308)  (2194,1308)  (2119,1308)  (2076,958)  (2151,958)  (2176,958)  (2201,958)  (2101,957)  (2126,957)  (2169,1332)  (2144,1332)  (2219,1333)  (2194,1333)  (2119,1333)  (2076,933)  (2151,933)  (2176,933)  (2201,933)  (2101,932)  (2126,932)
Ningyen  (759,1258)  (734,1282)  (734,1257)  (783,1283)  (759,1233)  (784,1233)  (784,1258)  (732,1232)  (758,1307)  (793,1308)  (757,1208)  (782,1208)  (809,1224)  (809,1249)  (768,1332)  (795,1333)  (750,1183)  (775,1183)
Ningsia  (813,384)  (788,408)  (788,383)  (837,409)  (813,359)  (838,359)  (838,384)  (786,358)  (812,433)  (787,433)  (763,408)  (763,383)  (862,409)  (862,434)  (837,434)  (762,434)  (811,334)  (836,334)  (861,334)  (863,359)  (863,384)  (761,358)  (761,333)  (786,333)  (738,409)  (738,384)  (887,409)  (887,434)  (887,459)  (777,459)  (752,459)  (737,434)  (811,309)  (836,309)  (861,309)  (888,357)  (888,382)  (736,359)  (736,334)  (736,309)  (761,308)  (786,308)  (727,467)  (713,409)  (713,384)  (912,407)  (912,432)  (912,457)  (912,482)  (887,484)  (712,442)  (712,284)  (913,376)  (711,359)  (711,334)  (711,309)  (737,283)  (762,283)  (935,507)  (688,417)  (688,392)  (937,401)  (937,426)  (937,451)  (937,476)  (910,509)  (885,509)  (687,284)  (687,259)  (712,259)  (938,375)  (686,367)  (686,342)  (686,317)  (960,501)  (960,526)  (935,532)  (663,417)  (962,400)  (962,425)  (962,450)  (962,475)  (910,534)  (885,534)  (662,292)  (662,267)  (963,366)  (661,336)  (944,557)  (987,391)  (987,416)  (987,441)  (987,466)  (919,559)  (894,559)  (869,559)  (637,311)  (637,286)  (637,261)  (988,365)  (612,333)  (612,308)  (612,283)  (612,258)  (587,348)  (587,323)  (587,298)  (587,273)  (577,248)  (562,330)  (562,305)  (562,280)  (552,251)
Wuhan-Tsinan-Wuhan  (757,76)  (782,72)
Chungking-Kweiyang-Kweiyang  (678,151)  (703,145)
SZ 12 Gulf of Tonkin  (1148,1784)  (1123,1808)  (1123,1783)  (1172,1809)  (1148,1759)  (1173,1759)  (1173,1784)  (1121,1758)  (1147,1833)  (1122,1833)  (1098,1808)  (1098,1783)  (1197,1809)  (1197,1834)  (1172,1834)  (1097,1834)  (1146,1734)  (1171,1734)  (1196,1734)  (1198,1759)  (1198,1784)  (1096,1758)  (1113,1733)  (1221,1711)  (1147,1858)  (1122,1858)  (1073,1809)  (1073,1784)  (1222,1841)  (1197,1859)  (1172,1859)  (1097,1859)  (1072,1859)  (1072,1834)  (1138,1709)  (1163,1709)  (1188,1709)  (1223,1736)  (1229,1866)  (1213,1686)  (1238,1686)  (1246,1711)  (1147,1883)  (1048,1809)  (1048,1784)  (1204,1884)  (1179,1884)  (1047,1859)  (1047,1834)  (1150,1684)  (1175,1684)  (1247,1891)  (1200,1661)  (1225,1661)  (1250,1661)  (1154,1908)  (1023,1809)  (1023,1784)  (1222,1909)  (1197,1909)  (1022,1843)  (1236,1636)  (998,1815)
Changsha-Kweiyang-Changsha  (903,110)  (928,108)
Cheng-tu  (964,1016)  (939,1040)  (939,1015)  (988,1041)  (964,991)  (989,991)  (989,1016)  (937,990)  (963,1065)  (938,1065)  (914,1040)  (914,1015)  (990,1066)  (913,1066)  (962,966)  (987,966)  (1012,966)  (1014,991)  (1014,1016)  (929,965)  (965,1090)  (940,1090)  (954,941)  (979,941)  (1004,941)  (923,940)  (957,916)
Tsinan-Tsingtao-Tsinan  (901,76)  (926,72)
Chiu-Chuan  (455,362)  (430,386)  (430,361)  (479,387)  (455,337)  (480,337)  (480,362)  (428,336)  (454,411)  (429,411)  (405,386)  (405,361)  (504,387)  (504,412)  (479,412)  (404,412)  (453,312)  (478,312)  (503,312)  (505,337)  (505,362)  (403,336)  (403,311)  (428,311)  (454,436)  (429,436)  (380,387)  (380,362)  (529,387)  (529,412)  (529,437)  (504,437)  (479,437)  (379,428)  (453,287)  (478,287)  (503,287)  (530,355)  (378,337)  (355,403)  (355,378)  (554,380)  (554,405)  (481,262)  (506,262)  (353,353)  (347,428)  (575,430)  (579,385)  (328,355)  (600,410)  (600,435)  (604,377)  (629,364)
Liaodong  (1839,276)  (1814,300)  (1839,301)  (1864,256)  (1864,281)  (1889,242)  (1889,267)
Taiyuan-Tsinan-Tsinan  (392,78)  (417,74)
Nakhon Sawan  (669,1926)  (678,1951)  (694,1923)  (628,1902)
Taiyuan Station  (1333,486)
Lanchow Station  (837,672)
Chengteh  (1604,217)  (1579,241)  (1579,216)  (1628,242)  (1604,192)  (1629,192)  (1629,217)  (1577,191)  (1603,266)  (1578,266)  (1554,241)  (1653,242)  (1653,267)  (1628,267)  (1553,267)  (1614,167)  (1639,167)  (1654,192)  (1654,217)  (1664,160)  (1603,291)  (1578,291)  (1678,242)  (1642,292)  (1679,185)  (1679,210)  (1689,153)  (1704,178)  (1704,203)  (1714,142)  (1729,167)  (1739,125)  (1750,98)  (1754,150)  (1764,123)
Mukden Station  (1855,157)
East Assam Station  (315,1241)
Kannan  (833,783)  (808,800)  (808,775)  (857,808)  (833,758)  (858,765)  (799,750)  (783,801)  (783,776)  (882,798)  (882,823)  (857,833)  (897,848)  (907,801)  (749,829)  (922,826)  (922,851)  (925,876)  (950,870)  (928,901)
Shanhaiguan  (1711,269)  (1740,225)
Kweiyang Station  (1049,1314)
Canton  (1460,1525)  (1484,1550)  (1459,1550)  (1456,1500)  (1481,1500)  (1485,1525)  (1493,1575)  (1510,1540)
Port Arthur Station  (1817,365)
SZ 1 Bohai Bay  (1621,421)  (1596,420)  (1645,446)  (1646,403)
Japan  (2184,761)  (2159,785)  (2159,760)  (2208,786)  (2184,736)  (2209,736)  (2209,761)  (2157,735)  (2183,810)  (2158,810)  (2219,811)  (2182,711)  (2207,711)  (2194,835)  (2219,836)
Sian-Tsinan-Sian  (459,78)  (484,72)
Pa-chung  (1103,990)  (1078,1014)  (1078,989)  (1127,1015)  (1103,965)  (1128,965)  (1128,990)  (1076,964)  (1102,1039)  (1077,1039)  (1153,960)  (1153,985)  (1060,939)  (1052,1057)  (1099,1064)  (1178,972)  (1178,997)  (1027,1070)  (1074,1082)  (1203,972)
Bangkok-Rangoon-Bangkok  (471,181)  (446,192)
Kunming-Hanoi-Kunming  (29,181)  (4,192)
Amoy  (1715,1357)  (1690,1379)  (1690,1354)  (1739,1382)  (1715,1332)  (1740,1335)  (1686,1329)  (1665,1374)  (1764,1360)  (1751,1407)  (1661,1349)  (1789,1350)  (1735,1432)
Kining  (1550,659)  (1525,683)  (1559,684)  (1575,645)  (1554,709)
Tsinghai  (546,651)  (521,675)  (521,650)  (570,676)  (546,626)  (571,626)  (571,651)  (519,625)  (545,700)  (520,700)  (496,675)  (496,650)  (595,676)  (595,701)  (570,701)  (495,701)  (544,601)  (569,601)  (594,601)  (596,626)  (596,651)  (494,625)  (494,600)  (519,600)  (619,578)  (545,725)  (520,725)  (471,676)  (471,651)  (620,676)  (620,701)  (620,726)  (595,726)  (570,726)  (495,726)  (470,726)  (470,701)  (574,576)  (621,603)  (621,628)  (469,626)  (469,601)  (599,553)  (446,676)  (446,651)  (645,653)  (645,678)  (645,703)  (645,728)  (586,751)  (561,751)  (445,728)  (445,703)  (646,584)  (646,609)  (444,626)  (444,601)  (421,678)  (421,653)  (420,728)  (420,703)  (671,610)  (419,628)  (419,603)  (395,729)  (395,704)  (370,727)  (370,702)
SZ 17 Malay Sea  (941,2149)  (916,2173)  (916,2148)  (965,2174)  (941,2124)  (966,2124)  (966,2149)  (914,2123)  (940,2198)  (915,2198)  (891,2173)  (891,2148)  (990,2174)  (990,2199)  (965,2199)  (890,2199)  (939,2099)  (964,2099)  (989,2099)  (991,2124)  (991,2149)  (889,2123)  (889,2098)  (914,2098)  (1014,2076)  (940,2223)  (915,2223)  (866,2174)  (866,2149)  (1015,2174)  (1015,2199)  (865,2223)  (939,2074)  (964,2074)  (989,2074)  (1016,2101)  (1016,2126)  (864,2124)  (864,2099)  (901,2073)  (1014,2051)  (1039,2051)  (1039,2076)  (841,2198)  (841,2173)  (1040,2151)  (1040,2176)  (1040,2201)  (840,2223)  (945,2049)  (1041,2101)  (1041,2126)  (839,2148)  (839,2123)  (839,2098)  (1064,2031)  (1064,2056)  (816,2198)  (816,2173)  (1065,2151)  (1065,2176)  (1065,2201)  (815,2223)  (1066,2081)  (1066,2106)  (814,2148)  (814,2123)  (814,2098)  (1089,2027)  (1089,2052)  (791,2198)  (791,2173)  (1090,2131)  (1090,2156)  (1090,2181)  (1090,2206)  (790,2223)  (1091,2077)  (1091,2102)  (789,2148)  (789,2123)  (789,2098)  (783,2073)  (776,2048)  (1114,2019)  (1114,2044)  (766,2198)  (766,2173)  (1115,2127)  (1115,2152)  (1115,2177)  (1115,2202)  (765,2223)  (1116,2069)  (1116,2094)  (764,2148)  (764,2123)  (764,2098)  (758,2073)  (751,2048)  (1139,1999)  (1139,2024)  (741,2198)  (741,2173)  (1140,2119)  (1140,2144)  (1140,2169)  (1140,2194)  (1140,2219)  (740,2223)  (1141,2049)  (1141,2074)  (739,2148)  (739,2123)  (739,2098)  (733,2073)  (1151,1960)  (726,2048)  (1164,1985)  (1164,2010)  (716,2198)  (716,2173)  (1165,2099)  (1165,2124)  (1165,2149)  (1165,2174)  (1165,2199)  (715,2223)  (1166,2035)  (1166,2060)  (714,2148)  (714,2123)  (714,2098)  (708,2073)  (1176,1941)  (701,2048)  (1189,1966)  (1189,1991)  (691,2198)  (1190,2085)  (1190,2110)  (1190,2135)  (1190,2160)  (1190,2185)  (1190,2210)  (1191,2016)  (1191,2041)  (689,2159)  (689,2134)  (689,2109)  (686,2023)  (683,2084)  (1201,1941)  (676,2059)  (1214,1966)  (1214,1991)  (1215,2066)  (1215,2091)  (1215,2116)  (1215,2141)  (1215,2166)  (1215,2191)  (1215,2216)  (1216,2016)  (1216,2041)  (664,2141)  (664,2116)  (661,2034)  (661,2009)  (1226,1941)  (1239,1966)  (1239,1991)  (1240,2066)  (1240,2091)  (1240,2116)  (1240,2141)  (1240,2166)  (1240,2191)  (1240,2216)  (1241,2016)  (1241,2041)
Imphal  (178,1440)  (153,1464)  (153,1439)  (202,1465)  (178,1415)  (203,1415)  (203,1440)  (151,1414)  (177,1489)  (152,1489)  (128,1464)  (227,1465)  (227,1490)  (202,1490)  (127,1490)  (191,1390)  (228,1425)  (177,1514)  (152,1514)  (127,1515)  (181,1539)  (156,1539)  (131,1540)
West Kwangtung  (1364,1616)  (1339,1640)  (1370,1591)  (1389,1616)  (1414,1595)  (1414,1620)  (1420,1568)  (1291,1688)  (1439,1593)
Puel  (679,1583)  (654,1607)  (654,1582)  (703,1608)  (679,1558)  (704,1558)  (704,1583)  (652,1557)  (678,1632)  (653,1632)  (629,1607)  (629,1582)  (728,1608)  (713,1633)  (628,1633)  (677,1533)  (702,1533)  (727,1533)  (729,1558)  (729,1583)  (752,1510)  (688,1657)  (663,1657)  (604,1608)  (753,1608)  (638,1658)  (613,1658)  (603,1633)  (664,1508)  (689,1508)  (714,1508)  (754,1535)  (754,1560)  (588,1671)  (739,1485)  (764,1485)  (777,1510)  (671,1682)  (778,1585)  (646,1683)  (621,1683)  (667,1483)  (692,1483)  (779,1535)  (779,1560)  (717,1460)  (671,1707)  (677,1458)  (804,1541)
Luan  (1599,867)  (1574,855)  (1623,892)  (1598,892)  (1599,842)  (1624,844)  (1561,830)  (1627,917)  (1602,917)  (1649,850)  (1577,925)  (1536,837)  (1674,857)
Paoting  (1444,415)  (1419,439)  (1461,440)  (1433,390)  (1458,390)  (1469,415)  (1436,464)  (1411,464)  (1461,465)  (1426,365)  (1451,365)  (1436,489)  (1446,340)
Wuhu  (1792,904)
Nanyang  (1313,824)  (1288,833)  (1288,808)  (1337,849)  (1313,799)  (1338,821)  (1312,858)  (1271,783)  (1362,846)  (1362,871)  (1337,874)  (1296,774)  (1387,828)  (1387,853)  (1387,878)  (1412,850)  (1412,875)
SZ 11 Philippine Sea  (2125,1593)  (2100,1617)  (2100,1592)  (2149,1618)  (2125,1568)  (2150,1568)  (2150,1593)  (2098,1567)  (2124,1642)  (2099,1642)  (2075,1617)  (2075,1592)  (2174,1618)  (2174,1643)  (2149,1643)  (2074,1643)  (2123,1543)  (2148,1543)  (2173,1543)  (2175,1568)  (2175,1593)  (2073,1567)  (2073,1542)  (2098,1542)  (2198,1520)  (2124,1667)  (2099,1667)  (2050,1618)  (2050,1593)  (2199,1618)  (2199,1643)  (2074,1668)  (2049,1668)  (2049,1643)  (2123,1518)  (2148,1518)  (2173,1518)  (2200,1545)  (2200,1570)  (2048,1568)  (2048,1543)  (2048,1518)  (2073,1517)  (2098,1517)  (2198,1495)  (2145,1692)  (2120,1692)  (2025,1618)  (2025,1593)  (2095,1693)  (2070,1693)  (2045,1693)  (2024,1668)  (2024,1643)  (2041,1493)  (2123,1493)  (2148,1493)  (2173,1493)  (2023,1568)  (2066,1492)  (2091,1492)  (2198,1470)  (2145,1717)  (2120,1717)  (2095,1718)  (2070,1718)  (2045,1718)  (2116,1468)  (2141,1468)  (2166,1468)  (2062,1467)  (2087,1467)  (2191,1445)  (2216,1445)  (2145,1742)  (2120,1742)  (2095,1743)  (2070,1743)  (2045,1743)  (2112,1443)  (2137,1443)  (2162,1443)  (2072,1442)  (2187,1420)  (2212,1420)  (2145,1767)  (2120,1767)  (2095,1768)  (2070,1768)  (2045,1768)  (2097,1418)  (2122,1418)  (2147,1418)  (2172,1395)  (2197,1395)  (2085,1393)  (2110,1393)  (2135,1393)
Kra  (438,2071)  (462,2096)  (499,1972)  (490,1947)  (515,1947)  (464,1926)  (489,1922)
Tonkin  (875,1659)  (850,1683)  (850,1658)  (897,1684)  (898,1634)  (900,1659)  (848,1633)  (923,1628)  (825,1702)  (825,1677)  (897,1709)  (925,1653)  (823,1652)  (922,1726)  (948,1615)  (800,1707)  (800,1682)  (950,1640)  (798,1657)  (948,1742)  (923,1751)  (973,1592)  (775,1689)  (975,1617)  (975,1642)  (773,1664)  (967,1767)  (942,1776)  (1000,1603)  (1000,1628)  (1000,1653)  (917,1787)  (1025,1610)  (1025,1635)  (1025,1660)  (1050,1663)  (1075,1672)  (1100,1683)
Taiyuan-Tsinan-Taiyuan  (319,77)  (344,74)
Poseh  (1039,1508)  (1014,1496)  (1063,1533)  (1064,1493)  (1038,1553)  (989,1499)  (989,1474)  (964,1481)  (939,1479)
Korea-Mukden-Korea  (23,42)  (48,37)
Calcutta-Chittagong-Chittagong  (837,187)  (812,192)
Lu-ting  (839,939)  (814,963)  (814,938)  (863,964)  (839,914)  (864,914)  (864,939)  (812,913)  (838,988)  (813,988)  (888,964)  (887,989)  (837,889)  (862,889)  (795,888)  (862,1013)  (837,1013)  (812,1013)  (820,864)  (791,863)  (783,838)
Wuhan  (1407,1057)  (1431,1082)  (1406,1082)  (1399,1032)  (1424,1032)  (1456,1069)  (1456,1094)  (1434,1007)  (1481,1066)
Changsha Station  (1430,1177)
Kan  (1573,1286)  (1548,1310)  (1548,1285)  (1597,1311)  (1573,1261)  (1598,1261)  (1598,1286)  (1546,1260)  (1572,1335)  (1547,1335)  (1622,1311)  (1622,1336)  (1597,1336)  (1571,1236)  (1596,1236)  (1623,1282)  (1521,1272)  (1572,1360)  (1537,1360)  (1647,1307)  (1627,1361)  (1602,1361)  (1572,1211)  (1597,1211)  (1627,1386)  (1602,1386)  (1578,1186)  (1577,1400)
Luang Prabang  (715,1764)  (690,1788)  (690,1763)  (739,1789)  (715,1739)  (740,1739)  (740,1764)  (714,1813)  (689,1813)  (665,1779)  (665,1754)  (764,1789)  (764,1814)  (739,1814)  (706,1714)  (731,1714)  (765,1730)  (765,1755)  (640,1777)  (715,1689)
Phase II  (139,360)
Port Arthur-Mukden-Mukden  (244,45)  (269,37)
Sian-Tsinan-Tsinan  (538,76)  (563,72)
East Assam-Chittagong-Chittagong  (981,183)  (1006,181)
Ichang  (1248,1049)  (1223,1073)  (1223,1048)  (1254,1074)  (1273,1031)  (1279,1056)  (1198,1096)  (1198,1071)  (1304,1050)  (1173,1099)  (1173,1074)
Lanchow-Chungking-Lanchow  (312,145)  (337,145)
Hanoi-Nanning-Nanning  (245,181)  (270,182)
Tangshan  (1620,343)  (1643,368)  (1618,368)  (1645,328)  (1670,318)
Bichieh  (944,1309)  (919,1329)  (965,1334)  (965,1284)  (969,1309)  (990,1279)  (894,1325)
Mukden-Peking-Mukden  (320,42)  (295,46)
Chungking Station  (1050,1134)
Kutsing  (840,1318)  (852,1343)  (839,1293)  (881,1360)  (864,1270)  (889,1265)  (890,1385)  (856,1245)  (914,1265)  (881,1240)  (874,1215)
Tibet  (43,976)  (18,1000)  (18,975)  (67,1001)  (43,951)  (68,951)  (68,976)  (16,950)  (42,1025)  (17,1025)  (92,1001)  (92,1026)  (67,1026)  (41,926)  (66,926)  (91,926)  (93,951)  (93,976)  (0,925)  (116,903)  (42,1050)  (17,1050)  (117,1001)  (117,1026)  (117,1051)  (92,1051)  (67,1051)  (25,901)  (50,901)  (75,901)  (118,928)  (118,953)  (0,900)  (100,878)  (125,878)  (141,903)  (42,1075)  (17,1075)  (142,978)  (142,1003)  (142,1028)  (142,1053)  (117,1076)  (92,1076)  (67,1076)  (25,876)  (50,876)  (75,876)  (143,928)  (143,953)  (0,875)  (144,1078)  (150,869)  (166,894)  (42,1100)  (17,1100)  (167,978)  (167,1003)  (167,1028)  (167,1053)  (119,1101)  (94,1101)  (69,1101)  (25,851)  (50,851)  (75,851)  (168,919)  (168,944)  (0,850)  (169,1078)  (169,1103)  (144,1103)  (191,894)  (44,1125)  (19,1125)  (192,969)  (119,1126)  (94,1126)  (69,1126)  (25,826)  (50,826)  (75,826)  (193,919)  (193,944)  (0,825)  (184,1128)  (159,1128)  (44,1150)  (19,1150)  (134,1151)  (109,1151)  (84,1151)  (25,801)  (50,801)  (0,800)  (185,1153)  (160,1153)  (59,1175)  (34,1175)  (9,1175)  (25,776)  (50,776)  (0,775)  (59,1200)  (34,1200)  (9,1200)  (25,751)  (0,750)  (25,726)  (0,725)  (50,712)  (25,701)  (0,700)  (50,687)  (25,676)  (0,675)  (50,662)  (25,651)  (0,650)  (50,637)  (25,626)  (0,625)
Hsuchow  (1658,728)  (1633,732)  (1683,724)  (1708,728)
Shanghai-Nanchang-Nanchang  (389,111)  (414,108)
Shiuchow  (1515,1415)  (1490,1403)  (1531,1440)  (1556,1448)  (1561,1473)
Hehsi Corridor  (774,529)  (749,534)  (749,509)  (798,554)  (793,504)  (799,529)  (818,485)  (724,518)  (823,554)  (823,579)  (798,579)  (824,510)  (843,472)  (699,503)  (848,595)  (823,604)  (798,604)  (864,620)  (674,494)  (665,469)
SZ 4 South Yellow Sea  (1905,621)  (1880,645)  (1880,620)  (1929,646)  (1905,596)  (1930,596)  (1930,621)  (1878,595)  (1904,670)  (1879,670)  (1855,645)  (1855,620)  (1954,646)  (1954,671)  (1929,671)  (1854,671)  (1903,571)  (1928,571)  (1953,571)  (1955,596)  (1955,621)  (1853,595)  (1867,570)  (1978,548)  (1904,695)  (1879,695)  (1830,646)  (1830,621)  (1979,646)  (1979,671)  (1979,696)  (1954,696)  (1929,696)  (1854,696)  (1829,696)  (1829,671)  (1892,546)  (1917,546)  (1942,546)  (1980,573)  (1980,598)  (1967,523)  (1992,523)  (2003,548)  (1904,720)  (1879,720)  (1805,646)  (1805,621)  (2004,623)  (2004,648)  (2004,673)  (2004,698)  (1979,721)  (1954,721)  (1929,721)  (1854,721)  (1829,721)  (1804,685)  (1869,521)  (1894,521)  (1919,521)  (2005,573)  (2005,598)  (2006,723)  (2017,509)  (2028,534)  (1780,660)  (1780,635)  (1780,610)  (2029,623)  (2029,648)  (2029,673)  (2029,698)  (2030,559)  (2030,584)  (2031,723)  (2042,507)  (2053,532)  (1755,667)  (1755,642)  (2055,557)  (2055,582)  (2055,607)  (2067,507)  (2078,532)  (2080,557)  (2080,582)  (2080,607)
Szecheng  (1124,1460)  (1099,1484)  (1099,1459)  (1148,1485)  (1149,1446)  (1085,1434)  (1074,1462)  (1173,1471)  (1173,1496)  (1198,1481)
Peking  (1480,330)  (1504,355)  (1494,305)  (1529,356)
Rangoon  (434,1878)  (414,1853)  (453,1957)  (454,1982)
Nanking Station  (1775,825)
Chenchow  (1439,1336)  (1455,1361)  (1430,1361)  (1464,1319)  (1480,1344)  (1437,1386)
SZ 14 South China Sea  (1610,2030)  (1585,2054)  (1585,2029)  (1634,2055)  (1610,2005)  (1635,2005)  (1635,2030)  (1583,2004)  (1609,2079)  (1584,2079)  (1560,2054)  (1560,2029)  (1659,2055)  (1659,2080)  (1634,2080)  (1559,2080)  (1608,1980)  (1633,1980)  (1658,1980)  (1660,2005)  (1660,2030)  (1558,2004)  (1558,1979)  (1583,1979)  (1683,1957)  (1609,2104)  (1584,2104)  (1535,2055)  (1535,2030)  (1684,2055)  (1684,2080)  (1684,2105)  (1659,2105)  (1634,2105)  (1559,2105)  (1534,2105)  (1534,2080)  (1608,1955)  (1633,1955)  (1658,1955)  (1685,1982)  (1685,2007)  (1533,2005)  (1533,1980)  (1533,1955)  (1558,1954)  (1583,1954)  (1683,1932)  (1708,1932)  (1708,1957)  (1609,2129)  (1584,2129)  (1510,2055)  (1510,2030)  (1709,2032)  (1709,2057)  (1709,2082)  (1709,2107)  (1684,2130)  (1659,2130)  (1634,2130)  (1559,2130)  (1534,2130)  (1509,2130)  (1509,2105)  (1509,2080)  (1509,1930)  (1608,1930)  (1633,1930)  (1658,1930)  (1710,1982)  (1710,2007)  (1508,2005)  (1508,1980)  (1508,1955)  (1534,1929)  (1559,1929)  (1711,2132)  (1683,1907)  (1708,1907)  (1733,1907)  (1733,1932)  (1733,1957)  (1609,2154)  (1584,2154)  (1485,2055)  (1485,2030)  (1734,2032)  (1734,2057)  (1734,2082)  (1734,2107)  (1686,2155)  (1661,2155)  (1636,2155)  (1559,2155)  (1534,2155)  (1509,2155)  (1484,2155)  (1484,2130)  (1484,2105)  (1484,2080)  (1484,1930)  (1484,1905)  (1509,1905)  (1584,1905)  (1609,1905)  (1634,1905)  (1735,1982)  (1735,2007)  (1483,2005)  (1483,1980)  (1483,1955)  (1534,1904)  (1559,1904)  (1736,2132)  (1736,2157)  (1711,2157)  (1659,1882)  (1684,1882)  (1709,1882)  (1734,1882)  (1758,1907)  (1758,1932)  (1758,1957)  (1611,2179)  (1586,2179)  (1460,2055)  (1460,2030)  (1759,1881)  (1759,2032)  (1759,2057)  (1759,2082)  (1759,2107)  (1686,2180)  (1661,2180)  (1636,2180)  (1561,2180)  (1536,2180)  (1511,2180)  (1486,2180)  (1461,2180)  (1459,2155)  (1459,2130)  (1459,2105)  (1459,2080)  (1459,1930)  (1459,1905)  (1459,1880)  (1484,1880)  (1509,1880)  (1584,1880)  (1609,1880)  (1634,1880)  (1760,1982)  (1760,2007)  (1458,2005)  (1458,1980)  (1458,1955)  (1534,1879)  (1559,1879)  (1761,2132)  (1761,2157)  (1761,2182)  (1736,2182)  (1711,2182)  (1436,2203)  (1659,1857)  (1684,1857)  (1709,1857)  (1734,1857)  (1783,1906)  (1783,1931)  (1783,1956)  (1611,2204)  (1586,2204)  (1435,2055)  (1435,2030)  (1759,1856)  (1784,1856)  (1784,1881)  (1784,2032)  (1784,2057)  (1784,2082)  (1784,2107)  (1686,2205)  (1661,2205)  (1636,2205)  (1561,2205)  (1536,2205)  (1511,2205)  (1486,2205)  (1461,2205)  (1434,2178)  (1434,2153)  (1434,2128)  (1434,2103)  (1434,1930)  (1434,1905)  (1434,1880)  (1434,1855)  (1459,1855)  (1484,1855)  (1509,1855)  (1584,1855)  (1609,1855)  (1634,1855)  (1785,1981)  (1785,2006)  (1433,2005)  (1433,1980)  (1433,1955)  (1534,1854)  (1559,1854)  (1786,2132)  (1786,2157)  (1786,2182)  (1786,2207)  (1761,2207)  (1736,2207)  (1711,2207)  (1411,2223)  (1659,1832)  (1684,1832)  (1709,1832)  (1734,1832)  (1808,1906)  (1808,1931)  (1808,1956)  (1410,2078)  (1410,2053)  (1759,1831)  (1784,1831)  (1809,1831)  (1809,1856)  (1809,1881)  (1809,2031)  (1809,2056)  (1809,2081)  (1809,2106)  (1409,2198)  (1409,2173)  (1409,2148)  (1409,2123)  (1409,1930)  (1409,1905)  (1409,1880)  (1409,1855)  (1409,1830)  (1434,1830)  (1459,1830)  (1484,1830)  (1509,1830)  (1584,1830)  (1609,1830)  (1634,1830)  (1810,1981)  (1810,2006)  (1408,2028)  (1408,2003)  (1408,1978)  (1534,1829)  (1559,1829)  (1811,2131)  (1811,2156)  (1811,2181)  (1811,2206)  (1386,2223)  (1833,1906)  (1833,1931)  (1833,1956)  (1385,2098)  (1385,2073)  (1834,1813)  (1834,1838)  (1834,1863)  (1834,2031)  (1834,2056)  (1834,2081)  (1834,2106)  (1384,2198)  (1384,2173)  (1384,2148)  (1384,2123)  (1384,1953)  (1384,1928)  (1384,1903)  (1384,1878)  (1384,1853)  (1384,1828)  (1835,1981)  (1835,2006)  (1383,2048)  (1383,2023)  (1383,1998)  (1836,2131)  (1836,2156)  (1836,2181)  (1836,2206)  (1361,2223)  (1858,1888)  (1858,1913)  (1858,1938)  (1360,2098)  (1360,2073)  (1859,1813)  (1859,1838)  (1859,1863)  (1859,2031)  (1859,2056)  (1859,2081)  (1859,2106)  (1359,2198)  (1359,2173)  (1359,2148)  (1359,2123)  (1359,1973)  (1359,1948)  (1359,1923)  (1359,1898)  (1359,1873)  (1359,1848)  (1359,1823)  (1860,1963)  (1860,1988)  (1358,2048)  (1358,2023)  (1358,1998)  (1861,2131)  (1861,2156)  (1861,2181)  (1861,2206)  (1336,2223)  (1883,1888)  (1883,1913)  (1883,1938)  (1335,2098)  (1335,2073)  (1884,1813)  (1884,1838)  (1884,1863)  (1884,2013)  (1884,2038)  (1884,2063)  (1884,2088)  (1334,2198)  (1334,2173)  (1334,2148)  (1334,2123)  (1334,1973)  (1334,1948)  (1334,1923)  (1334,1898)  (1334,1873)  (1334,1848)  (1334,1823)  (1885,1963)  (1885,1988)  (1333,2048)  (1333,2023)  (1333,1998)  (1886,2113)  (1886,2138)  (1886,2163)  (1886,2188)  (1886,2213)  (1311,2223)  (1908,1888)  (1908,1913)  (1908,1938)  (1310,2098)  (1310,2073)  (1909,1813)  (1909,1838)  (1909,1863)  (1909,2013)  (1909,2038)  (1909,2063)  (1909,2088)  (1309,2198)  (1309,2173)  (1309,2148)  (1309,2123)  (1309,1973)  (1309,1948)  (1309,1923)  (1309,1898)  (1309,1873)  (1309,1848)  (1910,1963)  (1910,1988)  (1308,2048)  (1308,2023)  (1308,1998)  (1911,2113)  (1911,2138)  (1911,2163)  (1911,2188)  (1911,2213)  (1286,2223)  (1933,1888)  (1933,1913)  (1933,1938)  (1285,2098)  (1285,2073)  (1934,1813)  (1934,1838)  (1934,1863)  (1934,2013)  (1934,2038)  (1934,2063)  (1934,2088)  (1284,2198)  (1284,2173)  (1284,2148)  (1284,2123)  (1284,1973)  (1284,1948)  (1284,1923)  (1284,1898)  (1284,1873)  (1935,1963)  (1935,1988)  (1283,2048)  (1283,2023)  (1283,1998)  (1936,2113)  (1936,2138)  (1936,2163)  (1936,2188)  (1936,2213)  (1958,1888)  (1958,1913)  (1958,1938)  (1959,1813)  (1959,1838)  (1959,1863)  (1959,2013)  (1959,2038)  (1959,2063)  (1959,2088)  (1960,1963)  (1960,1988)  (1961,2113)  (1961,2138)  (1961,2163)  (1961,2188)  (1961,2213)  (1983,1888)  (1983,1913)  (1983,1938)  (1984,1813)  (1984,1838)  (1984,1863)  (1984,2013)  (1984,2038)  (1984,2063)  (1984,2088)  (1985,1963)  (1985,1988)  (1986,2113)  (1986,2138)  (1986,2163)  (1986,2188)  (1986,2213)
Taiyuan-Sian-Taiyuan  (21,78)  (46,72)
Sittang  (340,1707)  (315,1723)  (315,1698)  (364,1732)  (340,1682)  (365,1682)  (365,1707)  (339,1748)  (369,1757)  (341,1657)  (344,1773)
North Suiyuan  (1155,294)  (1130,318)  (1130,293)  (1179,319)  (1155,269)  (1180,269)  (1180,294)  (1128,268)  (1105,332)  (1105,307)  (1204,319)  (1204,344)  (1179,344)  (1153,244)  (1178,244)  (1203,244)  (1205,269)  (1205,294)  (1103,282)  (1103,257)  (1228,221)  (1080,332)  (1080,307)  (1229,319)  (1229,344)  (1188,219)  (1230,246)  (1230,271)  (1078,282)  (1078,257)  (1213,196)  (1238,196)  (1253,221)  (1055,332)  (1055,307)  (1254,296)  (1254,321)  (1254,346)  (1255,246)  (1255,271)  (1053,282)  (1053,257)  (1273,371)  (1278,208)  (1030,345)  (1030,320)  (1279,296)  (1279,321)  (1279,346)  (1280,233)  (1280,258)  (1028,295)  (1028,270)  (1005,330)  (1304,283)  (1304,308)  (1304,333)  (1305,219)  (1305,244)  (1003,305)  (1003,280)  (980,332)  (1329,272)  (1329,297)  (1329,322)  (978,307)  (955,334)  (1354,303)  (953,309)  (930,338)
Ningpo  (1884,1062)  (1859,1086)  (1859,1061)  (1905,1087)  (1884,1037)  (1909,1037)  (1909,1062)  (1880,1111)  (1855,1111)  (1834,1086)  (1881,1012)  (1906,1012)  (1830,1115)  (1886,1136)  (1861,1136)  (1809,1090)  (1892,987)  (1917,987)  (1836,1140)  (1811,1140)  (1805,1115)  (1798,1065)  (1784,1090)  (1773,1065)
Taiyuan-Wuhan-Wuhan  (239,79)  (264,72)
Siangtan  (1375,1283)  (1350,1307)  (1389,1308)  (1362,1258)  (1387,1258)  (1412,1253)  (1364,1332)  (1389,1333)  (1364,1357)  (1385,1382)  (1360,1382)  (1389,1407)
Nanchang Station  (1630,1113)
East Assam  (348,1188)  (323,1209)  (323,1184)  (372,1213)  (348,1163)  (373,1163)  (373,1188)  (319,1159)  (298,1211)  (298,1186)  (397,1213)  (390,1238)  (365,1238)  (391,1138)  (398,1163)  (398,1188)  (273,1220)  (273,1195)  (273,1170)  (374,1263)  (349,1263)  (423,1167)  (423,1192)  (324,1274)  (248,1202)  (358,1288)  (448,1171)  (333,1299)  (352,1324)
Sinkiang-Mongolia  (1110,114)  (1085,138)  (1085,113)  (1134,139)  (1110,89)  (1135,89)  (1135,114)  (1083,88)  (1109,163)  (1084,163)  (1060,138)  (1060,113)  (1159,139)  (1159,164)  (1134,164)  (1059,164)  (1108,64)  (1133,64)  (1158,64)  (1160,89)  (1160,114)  (1058,88)  (1058,63)  (1083,63)  (1183,41)  (1109,188)  (1084,188)  (1035,139)  (1035,114)  (1184,139)  (1184,164)  (1168,189)  (1143,189)  (1059,189)  (1034,189)  (1034,164)  (1108,39)  (1133,39)  (1158,39)  (1185,66)  (1185,91)  (1033,89)  (1033,64)  (1033,39)  (1058,38)  (1083,38)  (1183,16)  (1208,16)  (1208,41)  (1118,213)  (1093,213)  (1010,139)  (1010,114)  (1209,116)  (1209,141)  (1068,214)  (1043,214)  (1018,214)  (1009,189)  (1009,164)  (1009,14)  (1108,14)  (1133,14)  (1158,14)  (1210,66)  (1210,91)  (1008,89)  (1008,64)  (1008,39)  (1034,13)  (1059,13)  (993,230)  (1233,0)  (1233,25)  (985,139)  (985,114)  (984,205)  (984,180)  (984,14)  (983,89)  (983,64)  (983,39)  (968,247)  (1258,0)  (1258,25)  (960,155)  (960,130)  (959,222)  (959,197)  (959,14)  (958,105)  (958,80)  (958,55)  (943,263)  (1283,0)  (1283,25)  (935,172)  (935,147)  (934,238)  (934,213)  (934,30)  (934,5)  (933,122)  (933,97)  (933,72)  (918,278)  (1308,0)  (1308,25)  (910,188)  (910,163)  (909,253)  (909,228)  (909,47)  (909,22)  (908,138)  (908,113)  (908,88)  (1333,0)  (885,203)  (885,178)  (884,277)  (884,252)  (884,63)  (884,38)  (884,13)  (883,153)  (883,128)  (883,103)  (860,227)  (860,202)  (859,278)  (859,253)  (859,78)  (859,53)  (859,28)  (859,3)  (858,177)  (858,152)  (858,127)  (835,228)  (835,203)  (834,274)  (834,102)  (834,77)  (834,52)  (834,27)  (834,2)  (833,178)  (833,153)  (833,128)  (810,249)  (810,224)  (809,103)  (809,78)  (809,53)  (809,28)  (809,3)  (808,199)  (808,174)  (808,149)  (785,247)  (784,124)  (784,99)  (784,74)  (784,49)  (784,24)  (783,222)  (783,197)  (783,172)  (759,147)  (759,122)  (759,97)  (759,72)  (759,47)  (759,22)  (758,229)  (758,204)  (758,179)  (734,154)  (734,129)  (734,104)  (734,79)  (734,54)  (734,29)  (734,4)  (733,216)  (733,191)  (709,166)  (709,141)  (709,116)  (709,91)  (709,66)  (709,41)  (709,16)  (708,210)  (684,185)  (684,160)  (684,135)  (684,110)  (684,85)  (684,60)  (684,35)  (684,10)  (683,210)  (659,185)  (659,160)  (659,135)  (659,110)  (659,85)  (659,60)  (659,35)  (659,10)  (658,212)  (634,187)  (634,162)  (634,137)  (634,112)  (634,87)  (634,62)  (634,37)  (634,12)  (633,218)  (609,193)  (609,168)  (609,143)  (609,118)  (609,93)  (609,68)  (609,43)  (609,18)  (608,223)  (584,198)  (584,173)  (584,148)  (584,123)  (584,98)  (584,73)  (584,48)  (584,23)  (559,216)  (559,191)  (559,166)  (559,141)  (559,116)  (559,91)  (559,66)  (559,41)  (559,16)  (534,215)  (534,190)  (534,165)  (534,140)  (534,115)  (534,90)  (534,65)  (534,40)  (534,15)  (509,215)  (509,190)  (509,165)  (509,140)  (509,115)  (509,90)  (509,65)  (509,40)  (509,15)  (484,195)  (484,170)  (484,145)  (484,120)  (484,95)  (484,70)  (484,45)  (484,20)  (459,195)  (459,170)  (459,145)  (459,120)  (459,95)  (459,70)  (459,45)  (459,20)  (453,244)  (434,219)  (434,194)  (434,169)  (434,144)  (434,119)  (434,94)  (434,69)  (434,44)  (434,19)  (428,251)  (409,226)  (409,201)  (409,176)  (409,151)  (409,126)  (409,101)  (409,76)  (409,51)  (409,26)  (409,1)  (403,261)  (384,236)  (384,211)  (384,186)  (384,161)  (384,136)  (384,111)  (384,86)  (384,61)  (384,36)  (384,11)  (378,268)  (359,243)  (359,218)  (359,193)  (359,168)  (359,143)  (359,118)  (359,93)  (359,68)  (359,43)  (359,18)  (353,286)  (334,261)  (334,236)  (334,211)  (334,186)  (334,161)  (334,136)  (334,111)  (334,86)  (334,61)  (334,36)  (334,11)  (328,306)  (310,391)  (309,281)  (309,256)  (309,231)  (309,206)  (309,181)  (309,156)  (309,131)  (309,106)  (309,81)  (309,56)  (309,31)  (309,6)  (304,435)  (303,309)  (297,334)  (294,366)  (285,410)  (284,284)  (284,259)  (284,234)  (284,209)  (284,184)  (284,159)  (284,134)  (284,109)  (284,84)  (284,59)  (284,34)  (284,9)  (279,439)  (278,309)  (272,341)  (269,385)  (260,414)  (259,284)  (259,259)  (259,234)  (259,209)  (259,184)  (259,159)  (259,134)  (259,109)  (259,84)  (259,59)  (259,34)  (259,9)  (253,316)  (247,360)  (244,389)  (235,431)  (234,291)  (234,266)  (234,241)  (234,216)  (234,191)  (234,166)  (234,141)  (234,116)  (234,91)  (234,66)  (234,41)  (234,16)  (228,335)  (222,364)  (219,406)  (210,431)  (209,310)  (209,285)  (209,260)  (209,235)  (209,210)  (209,185)  (209,160)  (209,135)  (209,110)  (209,85)  (209,60)  (209,35)  (209,10)  (194,406)  (185,438)  (184,296)  (184,271)  (184,246)  (184,221)  (184,196)  (184,171)  (184,146)  (184,121)  (184,96)  (184,71)  (184,46)  (184,21)  (169,413)  (160,553)  (160,445)  (159,296)  (159,271)  (159,246)  (159,221)  (159,196)  (159,171)  (159,146)  (159,121)  (159,96)  (159,71)  (159,46)  (159,21)  (147,470)  (144,420)  (144,395)  (137,578)  (137,496)  (135,553)  (135,528)  (135,445)  (134,296)  (134,271)  (134,246)  (134,221)  (134,196)  (134,171)  (134,146)  (134,121)  (134,96)  (134,71)  (134,46)  (134,21)  (130,610)  (122,471)  (119,420)  (119,395)  (112,585)  (112,503)  (110,560)  (110,535)  (110,446)  (109,296)  (109,271)  (109,246)  (109,221)  (109,196)  (109,171)  (109,146)  (109,121)  (109,96)  (109,71)  (109,46)  (109,21)  (97,478)  (94,421)  (94,396)  (87,604)  (87,510)  (85,579)  (85,554)  (85,453)  (84,296)  (84,271)  (84,246)  (84,221)  (84,196)  (84,171)  (84,146)  (84,121)  (84,96)  (84,71)  (84,46)  (84,21)  (72,485)  (69,428)  (69,403)  (62,604)  (62,529)  (60,579)  (60,554)  (60,460)  (59,296)  (59,271)  (59,246)  (59,221)  (59,196)  (59,171)  (59,146)  (59,121)  (59,96)  (59,71)  (59,46)  (59,21)  (47,504)  (44,435)  (44,410)  (37,529)  (35,588)  (35,563)  (35,479)  (34,296)  (34,271)  (34,246)  (34,221)  (34,196)  (34,171)  (34,146)  (34,121)  (34,96)  (34,71)  (34,46)  (34,21)  (22,504)  (19,454)  (19,429)  (19,404)  (12,538)  (10,578)  (10,479)  (9,296)  (9,271)  (9,246)  (9,221)  (9,196)  (9,171)  (9,146)  (9,121)  (9,96)  (9,71)  (9,46)  (9,21)
Foochow  (1799,1230)  (1774,1232)  (1823,1255)  (1797,1205)  (1822,1205)  (1824,1230)  (1798,1257)  (1847,1190)  (1840,1280)  (1815,1282)  (1790,1282)  (1823,1307)  (1798,1307)  (1773,1307)
Lanchow-Chungking-Chungking  (392,148)  (417,146)
Peking-Wuhan-Wuhan  (970,39)  (995,36)
Kunlun Mountains  (251,776)  (226,800)  (226,775)  (275,801)  (251,751)  (276,751)  (276,776)  (224,750)  (250,825)  (225,825)  (201,800)  (201,775)  (300,801)  (300,826)  (275,826)  (200,826)  (249,726)  (274,726)  (299,726)  (301,751)  (301,776)  (199,750)  (199,725)  (224,725)  (324,720)  (250,850)  (225,850)  (176,801)  (176,776)  (325,801)  (325,826)  (325,851)  (300,851)  (275,851)  (200,851)  (175,840)  (326,745)  (326,770)  (174,751)  (174,726)  (160,701)  (151,815)  (151,790)  (350,795)  (350,820)  (350,845)  (350,870)  (325,876)  (300,876)  (275,876)  (150,676)  (351,755)  (149,765)  (149,740)  (135,715)  (369,895)  (126,827)  (126,802)  (375,780)  (375,805)  (375,830)  (375,855)  (125,690)  (125,665)  (124,777)  (124,752)  (114,640)  (110,727)  (394,880)  (394,905)  (400,756)  (400,781)  (400,806)  (400,831)  (100,702)  (99,791)  (99,766)  (404,930)  (85,741)  (419,856)  (419,881)  (429,906)  (444,857)
Changchih  (1358,631)  (1333,655)  (1382,656)  (1360,606)  (1383,631)  (1385,604)  (1357,680)  (1360,581)  (1385,579)  (1359,556)
Calcutta-Chittagong-Calcutta  (763,183)  (738,191)
East Assam-Chittagong-East Assam  (907,183)  (932,181)
Te-king  (1418,1459)  (1423,1484)  (1419,1434)  (1443,1459)  (1444,1433)  (1414,1509)  (1469,1437)  (1389,1524)  (1393,1549)
SZ 10 South China Sea  (1792,1607)  (1767,1631)  (1767,1606)  (1816,1632)  (1792,1582)  (1817,1582)  (1817,1607)  (1765,1581)  (1791,1656)  (1766,1656)  (1742,1631)  (1742,1606)  (1841,1632)  (1841,1657)  (1816,1657)  (1741,1657)  (1790,1557)  (1815,1557)  (1840,1557)  (1842,1582)  (1842,1607)  (1740,1581)  (1740,1556)  (1765,1556)  (1865,1534)  (1791,1681)  (1766,1681)  (1717,1632)  (1717,1607)  (1866,1632)  (1866,1657)  (1866,1682)  (1841,1682)  (1816,1682)  (1741,1682)  (1716,1682)  (1716,1657)  (1790,1532)  (1815,1532)  (1840,1532)  (1867,1559)  (1867,1584)  (1715,1582)  (1715,1557)  (1715,1532)  (1740,1531)  (1765,1531)  (1865,1509)  (1890,1509)  (1890,1534)  (1791,1706)  (1766,1706)  (1692,1632)  (1692,1607)  (1891,1609)  (1891,1634)  (1891,1659)  (1891,1684)  (1866,1707)  (1841,1707)  (1816,1707)  (1741,1707)  (1716,1707)  (1691,1707)  (1691,1682)  (1691,1657)  (1790,1507)  (1815,1507)  (1840,1507)  (1892,1559)  (1892,1584)  (1690,1582)  (1690,1557)  (1717,1506)  (1742,1506)  (1893,1709)  (1865,1484)  (1890,1484)  (1915,1484)  (1915,1509)  (1915,1534)  (1791,1731)  (1766,1731)  (1667,1632)  (1667,1607)  (1916,1609)  (1916,1634)  (1916,1659)  (1916,1684)  (1868,1732)  (1843,1732)  (1818,1732)  (1741,1732)  (1716,1732)  (1691,1732)  (1666,1732)  (1666,1707)  (1666,1682)  (1666,1657)  (1767,1482)  (1792,1482)  (1817,1482)  (1917,1559)  (1917,1584)  (1665,1582)  (1665,1557)  (1730,1481)  (1918,1709)  (1918,1734)  (1893,1734)  (1940,1474)  (1940,1499)  (1940,1524)  (1793,1756)  (1768,1756)  (1642,1632)  (1642,1607)  (1941,1609)  (1941,1634)  (1941,1659)  (1941,1684)  (1868,1757)  (1843,1757)  (1818,1757)  (1743,1757)  (1718,1757)  (1693,1757)  (1668,1757)  (1643,1757)  (1641,1732)  (1641,1707)  (1641,1682)  (1641,1657)  (1942,1549)  (1942,1574)  (1640,1582)  (1640,1557)  (1943,1709)  (1943,1734)  (1943,1759)  (1918,1759)  (1893,1759)  (1618,1780)  (1965,1510)  (1793,1781)  (1768,1781)  (1617,1632)  (1966,1599)  (1966,1624)  (1966,1649)  (1966,1674)  (1868,1782)  (1843,1782)  (1818,1782)  (1743,1782)  (1718,1782)  (1693,1782)  (1668,1782)  (1643,1782)  (1616,1755)  (1616,1730)  (1616,1705)  (1616,1680)  (1967,1535)  (1967,1560)  (1615,1559)  (1968,1699)  (1968,1724)  (1968,1749)  (1968,1774)  (1943,1784)  (1918,1784)  (1893,1784)  (1991,1585)  (1991,1610)  (1991,1635)  (1991,1660)  (1992,1557)  (1993,1685)  (1993,1710)  (1993,1735)  (1993,1760)  (1993,1785)
Hainan  (1258,1784)  (1277,1809)  (1252,1809)  (1271,1759)  (1283,1784)  (1296,1757)
Lungchow  (1127,1596)  (1102,1620)  (1102,1595)  (1151,1621)  (1127,1571)  (1152,1587)  (1101,1570)  (1126,1645)  (1101,1645)  (1176,1615)  (1076,1624)  (1126,1546)
SZ 100 Pacific Ocean  (0,2248)